version https://git-lfs.github.com/spec/v1
oid sha256:0fe68346c462f96d430a30dc2850e87f069f119733e9b3cb3011e540a9e9474b
size 1327648
